(kicad_pcb (version 20171130) (host pcbnew "(5.0.2)-1")

  (general
    (thickness 1.6)
    (drawings 78)
    (tracks 359)
    (zones 0)
    (modules 31)
    (nets 43)
  )

  (page A4)
  (layers
    (0 F.Cu signal)
    (31 B.Cu signal)
    (32 B.Adhes user)
    (33 F.Adhes user)
    (34 B.Paste user)
    (35 F.Paste user)
    (36 B.SilkS user)
    (37 F.SilkS user)
    (38 B.Mask user)
    (39 F.Mask user)
    (40 Dwgs.User user)
    (41 Cmts.User user)
    (42 Eco1.User user)
    (43 Eco2.User user)
    (44 Edge.Cuts user)
    (45 Margin user)
    (46 B.CrtYd user)
    (47 F.CrtYd user)
    (48 B.Fab user hide)
    (49 F.Fab user hide)
  )

  (setup
    (last_trace_width 0.25)
    (user_trace_width 0.254)
    (user_trace_width 0.31)
    (user_trace_width 0.508)
    (user_trace_width 1)
    (user_trace_width 2)
    (trace_clearance 0.2)
    (zone_clearance 0.254)
    (zone_45_only no)
    (trace_min 0.2)
    (segment_width 0.2)
    (edge_width 0.15)
    (via_size 0.8)
    (via_drill 0.4)
    (via_min_size 0.4)
    (via_min_drill 0.3)
    (user_via 0.8 0.4)
    (user_via 2 1)
    (uvia_size 0.3)
    (uvia_drill 0.1)
    (uvias_allowed no)
    (uvia_min_size 0.2)
    (uvia_min_drill 0.1)
    (pcb_text_width 0.3)
    (pcb_text_size 1.5 1.5)
    (mod_edge_width 0.15)
    (mod_text_size 1 1)
    (mod_text_width 0.15)
    (pad_size 0.9 1.5)
    (pad_drill 0)
    (pad_to_mask_clearance 0.051)
    (solder_mask_min_width 0.25)
    (aux_axis_origin 0 0)
    (visible_elements 7FFFFFFF)
    (pcbplotparams
      (layerselection 0x010fc_ffffffff)
      (usegerberextensions false)
      (usegerberattributes false)
      (usegerberadvancedattributes false)
      (creategerberjobfile false)
      (excludeedgelayer true)
      (linewidth 0.100000)
      (plotframeref false)
      (viasonmask false)
      (mode 1)
      (useauxorigin false)
      (hpglpennumber 1)
      (hpglpenspeed 20)
      (hpglpendiameter 15.000000)
      (psnegative false)
      (psa4output false)
      (plotreference true)
      (plotvalue true)
      (plotinvisibletext false)
      (padsonsilk false)
      (subtractmaskfromsilk false)
      (outputformat 1)
      (mirror false)
      (drillshape 0)
      (scaleselection 1)
      (outputdirectory "../gerber/"))
  )

  (net 0 "")
  (net 1 GND)
  (net 2 IO32)
  (net 3 IO33)
  (net 4 IO25)
  (net 5 IO26)
  (net 6 IO27)
  (net 7 HSPI_CLK)
  (net 8 HSPI_MISO)
  (net 9 HSPI_MOSI)
  (net 10 IO15)
  (net 11 IO2)
  (net 12 IO4)
  (net 13 IO16)
  (net 14 IO17)
  (net 15 IO5)
  (net 16 VSPI_CLK)
  (net 17 I2C_SDA)
  (net 18 I2C_SCL)
  (net 19 VSPI_MOSI)
  (net 20 I34)
  (net 21 I36)
  (net 22 I39)
  (net 23 +3V3)
  (net 24 "Net-(DS1-Pad1)")
  (net 25 A0)
  (net 26 A1)
  (net 27 A2)
  (net 28 P0)
  (net 29 P1)
  (net 30 P2)
  (net 31 P3)
  (net 32 P4)
  (net 33 P5)
  (net 34 P6)
  (net 35 P7)
  (net 36 INT)
  (net 37 HSPI_CS)
  (net 38 VSPI_CS)
  (net 39 LCD_BACKLIGHT)
  (net 40 "Net-(Q1-Pad3)")
  (net 41 LCD_LEDK)
  (net 42 "Net-(DS1-Pad2)")

  (net_class Default "This is the default net class."
    (clearance 0.2)
    (trace_width 0.25)
    (via_dia 0.8)
    (via_drill 0.4)
    (uvia_dia 0.3)
    (uvia_drill 0.1)
    (add_net +3V3)
    (add_net A0)
    (add_net A1)
    (add_net A2)
    (add_net GND)
    (add_net HSPI_CLK)
    (add_net HSPI_CS)
    (add_net HSPI_MISO)
    (add_net HSPI_MOSI)
    (add_net I2C_SCL)
    (add_net I2C_SDA)
    (add_net I34)
    (add_net I36)
    (add_net I39)
    (add_net INT)
    (add_net IO15)
    (add_net IO16)
    (add_net IO17)
    (add_net IO2)
    (add_net IO25)
    (add_net IO26)
    (add_net IO27)
    (add_net IO32)
    (add_net IO33)
    (add_net IO4)
    (add_net IO5)
    (add_net LCD_BACKLIGHT)
    (add_net LCD_LEDK)
    (add_net "Net-(DS1-Pad1)")
    (add_net "Net-(DS1-Pad2)")
    (add_net "Net-(Q1-Pad3)")
    (add_net P0)
    (add_net P1)
    (add_net P2)
    (add_net P3)
    (add_net P4)
    (add_net P5)
    (add_net P6)
    (add_net P7)
    (add_net VSPI_CLK)
    (add_net VSPI_CS)
    (add_net VSPI_MOSI)
  )

  (module fab:FIDUCIAL-1.5mm (layer F.Cu) (tedit 56CF50F6) (tstamp 5D8DCDEB)
    (at 103.06304 97.9932)
    (path /5D240BD6)
    (attr virtual)
    (fp_text reference FID2 (at 0 0) (layer F.SilkS)
      (effects (font (size 0.8 0.8) (thickness 0.15)))
    )
    (fp_text value FIDUCIAL-1.5mm (at 0 0) (layer F.Fab)
      (effects (font (size 0.8 0.8) (thickness 0.15)))
    )
    (pad 1 smd circle (at 0 0) (size 1.5 1.5) (layers F.Cu F.Mask)
      (solder_mask_margin 1) (clearance 1.05))
  )

  (module MountingHole:MountingHole_2.2mm_M2_DIN965_Pad (layer F.Cu) (tedit 56D1B4CB) (tstamp 5D8DCDF3)
    (at 101.6 104.775)
    (descr "Mounting Hole 2.2mm, M2, DIN965")
    (tags "mounting hole 2.2mm m2 din965")
    (path /5C902F86)
    (attr virtual)
    (fp_text reference H1 (at -0.01524 0) (layer F.SilkS)
      (effects (font (size 1 1) (thickness 0.15)))
    )
    (fp_text value MountingHole (at 0 2.9) (layer F.Fab)
      (effects (font (size 1 1) (thickness 0.15)))
    )
    (fp_circle (center 0 0) (end 2.15 0) (layer F.CrtYd) (width 0.05))
    (fp_circle (center 0 0) (end 1.9 0) (layer Cmts.User) (width 0.15))
    (fp_text user %R (at 0.3 0) (layer F.Fab)
      (effects (font (size 1 1) (thickness 0.15)))
    )
    (pad 1 thru_hole circle (at 0 0) (size 3.8 3.8) (drill 2.2) (layers *.Cu *.Mask))
  )

  (module MountingHole:MountingHole_2.2mm_M2_DIN965_Pad (layer F.Cu) (tedit 56D1B4CB) (tstamp 5D8DCDFB)
    (at 137.16 104.775)
    (descr "Mounting Hole 2.2mm, M2, DIN965")
    (tags "mounting hole 2.2mm m2 din965")
    (path /5C902FE8)
    (attr virtual)
    (fp_text reference H2 (at -0.06604 0.01524) (layer F.SilkS)
      (effects (font (size 1 1) (thickness 0.15)))
    )
    (fp_text value MountingHole (at 0 2.9) (layer F.Fab)
      (effects (font (size 1 1) (thickness 0.15)))
    )
    (fp_text user %R (at 0.3 0) (layer F.Fab)
      (effects (font (size 1 1) (thickness 0.15)))
    )
    (fp_circle (center 0 0) (end 1.9 0) (layer Cmts.User) (width 0.15))
    (fp_circle (center 0 0) (end 2.15 0) (layer F.CrtYd) (width 0.05))
    (pad 1 thru_hole circle (at 0 0) (size 3.8 3.8) (drill 2.2) (layers *.Cu *.Mask))
  )

  (module MountingHole:MountingHole_2.2mm_M2_DIN965_Pad (layer F.Cu) (tedit 56D1B4CB) (tstamp 5D8DCE03)
    (at 119.38 143.51)
    (descr "Mounting Hole 2.2mm, M2, DIN965")
    (tags "mounting hole 2.2mm m2 din965")
    (path /5C90304E)
    (attr virtual)
    (fp_text reference H3 (at 0.01524 0.0508) (layer F.SilkS)
      (effects (font (size 1 1) (thickness 0.15)))
    )
    (fp_text value MountingHole (at 0 2.9) (layer F.Fab)
      (effects (font (size 1 1) (thickness 0.15)))
    )
    (fp_circle (center 0 0) (end 2.15 0) (layer F.CrtYd) (width 0.05))
    (fp_circle (center 0 0) (end 1.9 0) (layer Cmts.User) (width 0.15))
    (fp_text user %R (at 0.3 0) (layer F.Fab)
      (effects (font (size 1 1) (thickness 0.15)))
    )
    (pad 1 thru_hole circle (at 0 0) (size 3.8 3.8) (drill 2.2) (layers *.Cu *.Mask))
  )

  (module Capacitor_SMD:C_0603_1608Metric (layer F.Cu) (tedit 5B301BBE) (tstamp 5D938811)
    (at 142.89014 139.44092)
    (descr "Capacitor SMD 0603 (1608 Metric), square (rectangular) end terminal, IPC_7351 nominal, (Body size source: http://www.tortai-tech.com/upload/download/2011102023233369053.pdf), generated with kicad-footprint-generator")
    (tags capacitor)
    (path /5D78917F)
    (attr smd)
    (fp_text reference C1 (at 2.47386 -0.08128) (layer F.SilkS)
      (effects (font (size 1 1) (thickness 0.15)))
    )
    (fp_text value C0.1uF (at 0 1.43) (layer F.Fab)
      (effects (font (size 1 1) (thickness 0.15)))
    )
    (fp_line (start -0.8 0.4) (end -0.8 -0.4) (layer F.Fab) (width 0.1))
    (fp_line (start -0.8 -0.4) (end 0.8 -0.4) (layer F.Fab) (width 0.1))
    (fp_line (start 0.8 -0.4) (end 0.8 0.4) (layer F.Fab) (width 0.1))
    (fp_line (start 0.8 0.4) (end -0.8 0.4) (layer F.Fab) (width 0.1))
    (fp_line (start -0.162779 -0.51) (end 0.162779 -0.51) (layer F.SilkS) (width 0.12))
    (fp_line (start -0.162779 0.51) (end 0.162779 0.51) (layer F.SilkS) (width 0.12))
    (fp_line (start -1.48 0.73) (end -1.48 -0.73) (layer F.CrtYd) (width 0.05))
    (fp_line (start -1.48 -0.73) (end 1.48 -0.73) (layer F.CrtYd) (width 0.05))
    (fp_line (start 1.48 -0.73) (end 1.48 0.73) (layer F.CrtYd) (width 0.05))
    (fp_line (start 1.48 0.73) (end -1.48 0.73) (layer F.CrtYd) (width 0.05))
    (fp_text user %R (at 0 0) (layer F.Fab)
      (effects (font (size 0.4 0.4) (thickness 0.06)))
    )
    (pad 1 smd roundrect (at -0.7875 0) (size 0.875 0.95) (layers F.Cu F.Paste F.Mask) (roundrect_rratio 0.25)
      (net 23 +3V3))
    (pad 2 smd roundrect (at 0.7875 0) (size 0.875 0.95) (layers F.Cu F.Paste F.Mask) (roundrect_rratio 0.25)
      (net 1 GND))
    (model ${KISYS3DMOD}/Capacitor_SMD.3dshapes/C_0603_1608Metric.wrl
      (at (xyz 0 0 0))
      (scale (xyz 1 1 1))
      (rotate (xyz 0 0 0))
    )
  )

  (module Capacitor_SMD:C_0805_2012Metric (layer F.Cu) (tedit 5B36C52B) (tstamp 5D938822)
    (at 95.10776 137.64768)
    (descr "Capacitor SMD 0805 (2012 Metric), square (rectangular) end terminal, IPC_7351 nominal, (Body size source: https://docs.google.com/spreadsheets/d/1BsfQQcO9C6DZCsRaXUlFlo91Tg2WpOkGARC1WS5S8t0/edit?usp=sharing), generated with kicad-footprint-generator")
    (tags capacitor)
    (path /5C628EF9)
    (attr smd)
    (fp_text reference C2 (at 2.66192 0) (layer F.SilkS)
      (effects (font (size 1 1) (thickness 0.15)))
    )
    (fp_text value "C10uF/25V(10%)" (at 0 1.65) (layer F.Fab)
      (effects (font (size 1 1) (thickness 0.15)))
    )
    (fp_line (start -1 0.6) (end -1 -0.6) (layer F.Fab) (width 0.1))
    (fp_line (start -1 -0.6) (end 1 -0.6) (layer F.Fab) (width 0.1))
    (fp_line (start 1 -0.6) (end 1 0.6) (layer F.Fab) (width 0.1))
    (fp_line (start 1 0.6) (end -1 0.6) (layer F.Fab) (width 0.1))
    (fp_line (start -0.258578 -0.71) (end 0.258578 -0.71) (layer F.SilkS) (width 0.12))
    (fp_line (start -0.258578 0.71) (end 0.258578 0.71) (layer F.SilkS) (width 0.12))
    (fp_line (start -1.68 0.95) (end -1.68 -0.95) (layer F.CrtYd) (width 0.05))
    (fp_line (start -1.68 -0.95) (end 1.68 -0.95) (layer F.CrtYd) (width 0.05))
    (fp_line (start 1.68 -0.95) (end 1.68 0.95) (layer F.CrtYd) (width 0.05))
    (fp_line (start 1.68 0.95) (end -1.68 0.95) (layer F.CrtYd) (width 0.05))
    (fp_text user %R (at 0 0) (layer F.Fab)
      (effects (font (size 0.5 0.5) (thickness 0.08)))
    )
    (pad 1 smd roundrect (at -0.9375 0) (size 0.975 1.4) (layers F.Cu F.Paste F.Mask) (roundrect_rratio 0.25)
      (net 23 +3V3))
    (pad 2 smd roundrect (at 0.9375 0) (size 0.975 1.4) (layers F.Cu F.Paste F.Mask) (roundrect_rratio 0.25)
      (net 1 GND))
    (model ${KISYS3DMOD}/Capacitor_SMD.3dshapes/C_0805_2012Metric.wrl
      (at (xyz 0 0 0))
      (scale (xyz 1 1 1))
      (rotate (xyz 0 0 0))
    )
  )

  (module Capacitor_SMD:C_0603_1608Metric (layer F.Cu) (tedit 5B301BBE) (tstamp 5D938833)
    (at 123.17984 113.41608)
    (descr "Capacitor SMD 0603 (1608 Metric), square (rectangular) end terminal, IPC_7351 nominal, (Body size source: http://www.tortai-tech.com/upload/download/2011102023233369053.pdf), generated with kicad-footprint-generator")
    (tags capacitor)
    (path /5C5AFAF7)
    (attr smd)
    (fp_text reference C3 (at 0 -1.43) (layer F.SilkS)
      (effects (font (size 1 1) (thickness 0.15)))
    )
    (fp_text value "C0.1uF/50V(10%)" (at 0 1.43) (layer F.Fab)
      (effects (font (size 1 1) (thickness 0.15)))
    )
    (fp_text user %R (at 0 0) (layer F.Fab)
      (effects (font (size 0.4 0.4) (thickness 0.06)))
    )
    (fp_line (start 1.48 0.73) (end -1.48 0.73) (layer F.CrtYd) (width 0.05))
    (fp_line (start 1.48 -0.73) (end 1.48 0.73) (layer F.CrtYd) (width 0.05))
    (fp_line (start -1.48 -0.73) (end 1.48 -0.73) (layer F.CrtYd) (width 0.05))
    (fp_line (start -1.48 0.73) (end -1.48 -0.73) (layer F.CrtYd) (width 0.05))
    (fp_line (start -0.162779 0.51) (end 0.162779 0.51) (layer F.SilkS) (width 0.12))
    (fp_line (start -0.162779 -0.51) (end 0.162779 -0.51) (layer F.SilkS) (width 0.12))
    (fp_line (start 0.8 0.4) (end -0.8 0.4) (layer F.Fab) (width 0.1))
    (fp_line (start 0.8 -0.4) (end 0.8 0.4) (layer F.Fab) (width 0.1))
    (fp_line (start -0.8 -0.4) (end 0.8 -0.4) (layer F.Fab) (width 0.1))
    (fp_line (start -0.8 0.4) (end -0.8 -0.4) (layer F.Fab) (width 0.1))
    (pad 2 smd roundrect (at 0.7875 0) (size 0.875 0.95) (layers F.Cu F.Paste F.Mask) (roundrect_rratio 0.25)
      (net 1 GND))
    (pad 1 smd roundrect (at -0.7875 0) (size 0.875 0.95) (layers F.Cu F.Paste F.Mask) (roundrect_rratio 0.25)
      (net 23 +3V3))
    (model ${KISYS3DMOD}/Capacitor_SMD.3dshapes/C_0603_1608Metric.wrl
      (at (xyz 0 0 0))
      (scale (xyz 1 1 1))
      (rotate (xyz 0 0 0))
    )
  )

  (module LED_SMD:LED_0805_2012Metric (layer F.Cu) (tedit 5B36C52C) (tstamp 5D938846)
    (at 80.01 128.27 180)
    (descr "LED SMD 0805 (2012 Metric), square (rectangular) end terminal, IPC_7351 nominal, (Body size source: https://docs.google.com/spreadsheets/d/1BsfQQcO9C6DZCsRaXUlFlo91Tg2WpOkGARC1WS5S8t0/edit?usp=sharing), generated with kicad-footprint-generator")
    (tags diode)
    (path /5C6120FB)
    (attr smd)
    (fp_text reference DS1 (at 1.37668 1.75768 180) (layer F.SilkS)
      (effects (font (size 1 1) (thickness 0.15)))
    )
    (fp_text value LED-BLUE (at 0 1.65 180) (layer F.Fab)
      (effects (font (size 1 1) (thickness 0.15)))
    )
    (fp_line (start 1 -0.6) (end -0.7 -0.6) (layer F.Fab) (width 0.1))
    (fp_line (start -0.7 -0.6) (end -1 -0.3) (layer F.Fab) (width 0.1))
    (fp_line (start -1 -0.3) (end -1 0.6) (layer F.Fab) (width 0.1))
    (fp_line (start -1 0.6) (end 1 0.6) (layer F.Fab) (width 0.1))
    (fp_line (start 1 0.6) (end 1 -0.6) (layer F.Fab) (width 0.1))
    (fp_line (start 1 -0.96) (end -1.685 -0.96) (layer F.SilkS) (width 0.12))
    (fp_line (start -1.685 -0.96) (end -1.685 0.96) (layer F.SilkS) (width 0.12))
    (fp_line (start -1.685 0.96) (end 1 0.96) (layer F.SilkS) (width 0.12))
    (fp_line (start -1.68 0.95) (end -1.68 -0.95) (layer F.CrtYd) (width 0.05))
    (fp_line (start -1.68 -0.95) (end 1.68 -0.95) (layer F.CrtYd) (width 0.05))
    (fp_line (start 1.68 -0.95) (end 1.68 0.95) (layer F.CrtYd) (width 0.05))
    (fp_line (start 1.68 0.95) (end -1.68 0.95) (layer F.CrtYd) (width 0.05))
    (fp_text user %R (at 0 0 180) (layer F.Fab)
      (effects (font (size 0.5 0.5) (thickness 0.08)))
    )
    (pad 1 smd roundrect (at -0.9375 0 180) (size 0.975 1.4) (layers F.Cu F.Paste F.Mask) (roundrect_rratio 0.25)
      (net 24 "Net-(DS1-Pad1)"))
    (pad 2 smd roundrect (at 0.9375 0 180) (size 0.975 1.4) (layers F.Cu F.Paste F.Mask) (roundrect_rratio 0.25)
      (net 42 "Net-(DS1-Pad2)"))
    (model ${KISYS3DMOD}/LED_SMD.3dshapes/LED_0805_2012Metric.wrl
      (at (xyz 0 0 0))
      (scale (xyz 1 1 1))
      (rotate (xyz 0 0 0))
    )
  )

  (module fab:FIDUCIAL-1.5mm (layer F.Cu) (tedit 56CF50F6) (tstamp 5D93884B)
    (at 157.2006 142.54988)
    (path /5D240B4A)
    (attr virtual)
    (fp_text reference FID1 (at 0 0) (layer F.SilkS)
      (effects (font (size 0.8 0.8) (thickness 0.15)))
    )
    (fp_text value FIDUCIAL-1.5mm (at 0 0) (layer F.Fab)
      (effects (font (size 0.8 0.8) (thickness 0.15)))
    )
    (pad 1 smd circle (at 0 0) (size 1.5 1.5) (layers F.Cu F.Mask)
      (solder_mask_margin 1) (clearance 1.05))
  )

  (module undo:SOP65P640X120-16N (layer F.Cu) (tedit 5C598C75) (tstamp 5D93886D)
    (at 119.41175 118.109)
    (descr "PW (R-PDSO-G16)")
    (tags "Integrated Circuit")
    (path /5C5946A2)
    (attr smd)
    (fp_text reference IC1 (at 0 0) (layer F.SilkS)
      (effects (font (size 1.27 1.27) (thickness 0.254)))
    )
    (fp_text value TCA9534PWR (at 0 0) (layer F.SilkS) hide
      (effects (font (size 1.27 1.27) (thickness 0.254)))
    )
    (fp_line (start -3.925 -2.8) (end 3.925 -2.8) (layer Dwgs.User) (width 0.05))
    (fp_line (start 3.925 -2.8) (end 3.925 2.8) (layer Dwgs.User) (width 0.05))
    (fp_line (start 3.925 2.8) (end -3.925 2.8) (layer Dwgs.User) (width 0.05))
    (fp_line (start -3.925 2.8) (end -3.925 -2.8) (layer Dwgs.User) (width 0.05))
    (fp_line (start -2.2 -2.5) (end 2.2 -2.5) (layer Dwgs.User) (width 0.1))
    (fp_line (start 2.2 -2.5) (end 2.2 2.5) (layer Dwgs.User) (width 0.1))
    (fp_line (start 2.2 2.5) (end -2.2 2.5) (layer Dwgs.User) (width 0.1))
    (fp_line (start -2.2 2.5) (end -2.2 -2.5) (layer Dwgs.User) (width 0.1))
    (fp_line (start -2.2 -1.85) (end -1.55 -2.5) (layer Dwgs.User) (width 0.1))
    (fp_line (start -1.85 -2.5) (end 1.85 -2.5) (layer F.SilkS) (width 0.2))
    (fp_line (start 1.85 -2.5) (end 1.85 2.5) (layer F.SilkS) (width 0.2))
    (fp_line (start 1.85 2.5) (end -1.85 2.5) (layer F.SilkS) (width 0.2))
    (fp_line (start -1.85 2.5) (end -1.85 -2.5) (layer F.SilkS) (width 0.2))
    (fp_line (start -3.675 -2.85) (end -2.2 -2.85) (layer F.SilkS) (width 0.2))
    (pad 1 smd rect (at -2.938 -2.275 90) (size 0.45 1.475) (layers F.Cu F.Paste F.Mask)
      (net 25 A0))
    (pad 2 smd rect (at -2.938 -1.625 90) (size 0.45 1.475) (layers F.Cu F.Paste F.Mask)
      (net 26 A1))
    (pad 3 smd rect (at -2.938 -0.975 90) (size 0.45 1.475) (layers F.Cu F.Paste F.Mask)
      (net 27 A2))
    (pad 4 smd rect (at -2.938 -0.325 90) (size 0.45 1.475) (layers F.Cu F.Paste F.Mask)
      (net 28 P0))
    (pad 5 smd rect (at -2.938 0.325 90) (size 0.45 1.475) (layers F.Cu F.Paste F.Mask)
      (net 29 P1))
    (pad 6 smd rect (at -2.938 0.975 90) (size 0.45 1.475) (layers F.Cu F.Paste F.Mask)
      (net 30 P2))
    (pad 7 smd rect (at -2.938 1.625 90) (size 0.45 1.475) (layers F.Cu F.Paste F.Mask)
      (net 31 P3))
    (pad 8 smd rect (at -2.938 2.275 90) (size 0.45 1.475) (layers F.Cu F.Paste F.Mask)
      (net 1 GND))
    (pad 9 smd rect (at 2.938 2.275 90) (size 0.45 1.475) (layers F.Cu F.Paste F.Mask)
      (net 32 P4))
    (pad 10 smd rect (at 2.938 1.625 90) (size 0.45 1.475) (layers F.Cu F.Paste F.Mask)
      (net 33 P5))
    (pad 11 smd rect (at 2.938 0.975 90) (size 0.45 1.475) (layers F.Cu F.Paste F.Mask)
      (net 34 P6))
    (pad 12 smd rect (at 2.938 0.325 90) (size 0.45 1.475) (layers F.Cu F.Paste F.Mask)
      (net 35 P7))
    (pad 13 smd rect (at 2.938 -0.325 90) (size 0.45 1.475) (layers F.Cu F.Paste F.Mask)
      (net 36 INT))
    (pad 14 smd rect (at 2.938 -0.975 90) (size 0.45 1.475) (layers F.Cu F.Paste F.Mask)
      (net 18 I2C_SCL))
    (pad 15 smd rect (at 2.938 -1.625 90) (size 0.45 1.475) (layers F.Cu F.Paste F.Mask)
      (net 17 I2C_SDA))
    (pad 16 smd rect (at 2.938 -2.275 90) (size 0.45 1.475) (layers F.Cu F.Paste F.Mask)
      (net 23 +3V3))
    (model "D:/KiCad - Libraries/3d/SOP65P640X120-16N.step"
      (at (xyz 0 0 0))
      (scale (xyz 1 1 1))
      (rotate (xyz 0 0 0))
    )
  )

  (module Connector_PinHeader_2.54mm:PinHeader_1x08_P2.54mm_Vertical (layer F.Cu) (tedit 59FED5CC) (tstamp 5D9388DA)
    (at 109.982 104.775 90)
    (descr "Through hole straight pin header, 1x08, 2.54mm pitch, single row")
    (tags "Through hole pin header THT 1x08 2.54mm single row")
    (path /5C869CBA)
    (fp_text reference J6 (at -2.032 -0.381 180) (layer F.SilkS)
      (effects (font (size 1 1) (thickness 0.15)))
    )
    (fp_text value Conn_01x08 (at 0 20.11 90) (layer F.Fab)
      (effects (font (size 1 1) (thickness 0.15)))
    )
    (fp_line (start -0.635 -1.27) (end 1.27 -1.27) (layer F.Fab) (width 0.1))
    (fp_line (start 1.27 -1.27) (end 1.27 19.05) (layer F.Fab) (width 0.1))
    (fp_line (start 1.27 19.05) (end -1.27 19.05) (layer F.Fab) (width 0.1))
    (fp_line (start -1.27 19.05) (end -1.27 -0.635) (layer F.Fab) (width 0.1))
    (fp_line (start -1.27 -0.635) (end -0.635 -1.27) (layer F.Fab) (width 0.1))
    (fp_line (start -1.33 19.11) (end 1.33 19.11) (layer F.SilkS) (width 0.12))
    (fp_line (start -1.33 1.27) (end -1.33 19.11) (layer F.SilkS) (width 0.12))
    (fp_line (start 1.33 1.27) (end 1.33 19.11) (layer F.SilkS) (width 0.12))
    (fp_line (start -1.33 1.27) (end 1.33 1.27) (layer F.SilkS) (width 0.12))
    (fp_line (start -1.33 0) (end -1.33 -1.33) (layer F.SilkS) (width 0.12))
    (fp_line (start -1.33 -1.33) (end 0 -1.33) (layer F.SilkS) (width 0.12))
    (fp_line (start -1.8 -1.8) (end -1.8 19.55) (layer F.CrtYd) (width 0.05))
    (fp_line (start -1.8 19.55) (end 1.8 19.55) (layer F.CrtYd) (width 0.05))
    (fp_line (start 1.8 19.55) (end 1.8 -1.8) (layer F.CrtYd) (width 0.05))
    (fp_line (start 1.8 -1.8) (end -1.8 -1.8) (layer F.CrtYd) (width 0.05))
    (fp_text user %R (at 0 8.89 180) (layer F.Fab)
      (effects (font (size 1 1) (thickness 0.15)))
    )
    (pad 1 thru_hole rect (at 0 0 90) (size 1.7 1.7) (drill 1) (layers *.Cu *.Mask)
      (net 28 P0))
    (pad 2 thru_hole oval (at 0 2.54 90) (size 1.7 1.7) (drill 1) (layers *.Cu *.Mask)
      (net 29 P1))
    (pad 3 thru_hole oval (at 0 5.08 90) (size 1.7 1.7) (drill 1) (layers *.Cu *.Mask)
      (net 30 P2))
    (pad 4 thru_hole oval (at 0 7.62 90) (size 1.7 1.7) (drill 1) (layers *.Cu *.Mask)
      (net 31 P3))
    (pad 5 thru_hole oval (at 0 10.16 90) (size 1.7 1.7) (drill 1) (layers *.Cu *.Mask)
      (net 32 P4))
    (pad 6 thru_hole oval (at 0 12.7 90) (size 1.7 1.7) (drill 1) (layers *.Cu *.Mask)
      (net 33 P5))
    (pad 7 thru_hole oval (at 0 15.24 90) (size 1.7 1.7) (drill 1) (layers *.Cu *.Mask)
      (net 34 P6))
    (pad 8 thru_hole oval (at 0 17.78 90) (size 1.7 1.7) (drill 1) (layers *.Cu *.Mask)
      (net 35 P7))
    (model ${KISYS3DMOD}/Connector_PinHeader_2.54mm.3dshapes/PinHeader_1x08_P2.54mm_Vertical.wrl
      (at (xyz 0 0 0))
      (scale (xyz 1 1 1))
      (rotate (xyz 0 0 0))
    )
  )

  (module digikey-footprints:SOT-23-3 (layer F.Cu) (tedit 5C2CC889) (tstamp 5D938930)
    (at 142.1765 134.6835)
    (path /5D6D384F)
    (fp_text reference Q1 (at 1.92278 1.34366) (layer F.SilkS)
      (effects (font (size 1 1) (thickness 0.15)))
    )
    (fp_text value BSS138 (at 0.025 3.25) (layer F.Fab)
      (effects (font (size 1 1) (thickness 0.15)))
    )
    (fp_line (start -1.825 -1.95) (end 1.825 -1.95) (layer F.CrtYd) (width 0.05))
    (fp_line (start -1.825 -1.95) (end -1.825 1.95) (layer F.CrtYd) (width 0.05))
    (fp_line (start 1.825 1.95) (end -1.825 1.95) (layer F.CrtYd) (width 0.05))
    (fp_line (start 1.825 -1.95) (end 1.825 1.95) (layer F.CrtYd) (width 0.05))
    (fp_line (start -0.175 -1.65) (end -0.45 -1.65) (layer F.SilkS) (width 0.1))
    (fp_line (start -0.45 -1.65) (end -0.825 -1.375) (layer F.SilkS) (width 0.1))
    (fp_line (start -0.825 -1.375) (end -0.825 -1.325) (layer F.SilkS) (width 0.1))
    (fp_line (start -0.825 -1.325) (end -1.6 -1.325) (layer F.SilkS) (width 0.1))
    (fp_line (start -0.7 -1.325) (end -0.7 1.525) (layer F.Fab) (width 0.1))
    (fp_line (start -0.425 -1.525) (end 0.7 -1.525) (layer F.Fab) (width 0.1))
    (fp_line (start -0.425 -1.525) (end -0.7 -1.325) (layer F.Fab) (width 0.1))
    (fp_line (start -0.35 1.65) (end -0.825 1.65) (layer F.SilkS) (width 0.1))
    (fp_line (start -0.825 1.65) (end -0.825 1.3) (layer F.SilkS) (width 0.1))
    (fp_line (start 0.825 1.425) (end 0.825 1.3) (layer F.SilkS) (width 0.1))
    (fp_line (start 0.825 1.35) (end 0.825 1.65) (layer F.SilkS) (width 0.1))
    (fp_line (start 0.825 1.65) (end 0.375 1.65) (layer F.SilkS) (width 0.1))
    (fp_line (start 0.45 -1.65) (end 0.825 -1.65) (layer F.SilkS) (width 0.1))
    (fp_line (start 0.825 -1.65) (end 0.825 -1.35) (layer F.SilkS) (width 0.1))
    (fp_text user %R (at -0.125 0.15) (layer F.Fab)
      (effects (font (size 0.25 0.25) (thickness 0.05)))
    )
    (fp_line (start -0.7 1.52) (end 0.7 1.52) (layer F.Fab) (width 0.1))
    (fp_line (start 0.7 1.52) (end 0.7 -1.52) (layer F.Fab) (width 0.1))
    (pad 3 smd rect (at 1.05 0) (size 1.3 0.6) (layers F.Cu F.Paste F.Mask)
      (net 40 "Net-(Q1-Pad3)") (solder_mask_margin 0.07))
    (pad 2 smd rect (at -1.05 0.95) (size 1.3 0.6) (layers F.Cu F.Paste F.Mask)
      (net 1 GND) (solder_mask_margin 0.07))
    (pad 1 smd rect (at -1.05 -0.95) (size 1.3 0.6) (layers F.Cu F.Paste F.Mask)
      (net 39 LCD_BACKLIGHT) (solder_mask_margin 0.07))
    (model ${KISYS3DMOD}/Transistors.3dshapes/BC817-40,215.stp
      (at (xyz 0 0 0))
      (scale (xyz 1 1 1))
      (rotate (xyz 0 0 0))
    )
  )

  (module Resistor_SMD:R_0603_1608Metric (layer F.Cu) (tedit 5B301BBD) (tstamp 5D938941)
    (at 106.934 129.9845)
    (descr "Resistor SMD 0603 (1608 Metric), square (rectangular) end terminal, IPC_7351 nominal, (Body size source: http://www.tortai-tech.com/upload/download/2011102023233369053.pdf), generated with kicad-footprint-generator")
    (tags resistor)
    (path /5C621F2C)
    (attr smd)
    (fp_text reference R1 (at 0 -1.43) (layer F.SilkS)
      (effects (font (size 1 1) (thickness 0.15)))
    )
    (fp_text value "R10K(1%)" (at 0 1.43) (layer F.Fab)
      (effects (font (size 1 1) (thickness 0.15)))
    )
    (fp_text user %R (at 0 0) (layer F.Fab)
      (effects (font (size 0.4 0.4) (thickness 0.06)))
    )
    (fp_line (start 1.48 0.73) (end -1.48 0.73) (layer F.CrtYd) (width 0.05))
    (fp_line (start 1.48 -0.73) (end 1.48 0.73) (layer F.CrtYd) (width 0.05))
    (fp_line (start -1.48 -0.73) (end 1.48 -0.73) (layer F.CrtYd) (width 0.05))
    (fp_line (start -1.48 0.73) (end -1.48 -0.73) (layer F.CrtYd) (width 0.05))
    (fp_line (start -0.162779 0.51) (end 0.162779 0.51) (layer F.SilkS) (width 0.12))
    (fp_line (start -0.162779 -0.51) (end 0.162779 -0.51) (layer F.SilkS) (width 0.12))
    (fp_line (start 0.8 0.4) (end -0.8 0.4) (layer F.Fab) (width 0.1))
    (fp_line (start 0.8 -0.4) (end 0.8 0.4) (layer F.Fab) (width 0.1))
    (fp_line (start -0.8 -0.4) (end 0.8 -0.4) (layer F.Fab) (width 0.1))
    (fp_line (start -0.8 0.4) (end -0.8 -0.4) (layer F.Fab) (width 0.1))
    (pad 2 smd roundrect (at 0.7875 0) (size 0.875 0.95) (layers F.Cu F.Paste F.Mask) (roundrect_rratio 0.25)
      (net 37 HSPI_CS))
    (pad 1 smd roundrect (at -0.7875 0) (size 0.875 0.95) (layers F.Cu F.Paste F.Mask) (roundrect_rratio 0.25)
      (net 23 +3V3))
    (model ${KISYS3DMOD}/Resistor_SMD.3dshapes/R_0603_1608Metric.wrl
      (at (xyz 0 0 0))
      (scale (xyz 1 1 1))
      (rotate (xyz 0 0 0))
    )
  )

  (module Resistor_SMD:R_0603_1608Metric (layer F.Cu) (tedit 5B301BBD) (tstamp 5D938952)
    (at 94.90776 135.7884)
    (descr "Resistor SMD 0603 (1608 Metric), square (rectangular) end terminal, IPC_7351 nominal, (Body size source: http://www.tortai-tech.com/upload/download/2011102023233369053.pdf), generated with kicad-footprint-generator")
    (tags resistor)
    (path /5D2ED1CA)
    (attr smd)
    (fp_text reference R2 (at 2.7052 0.03556) (layer F.SilkS)
      (effects (font (size 1 1) (thickness 0.15)))
    )
    (fp_text value "R10K(1%)" (at 0 1.43) (layer F.Fab)
      (effects (font (size 1 1) (thickness 0.15)))
    )
    (fp_line (start -0.8 0.4) (end -0.8 -0.4) (layer F.Fab) (width 0.1))
    (fp_line (start -0.8 -0.4) (end 0.8 -0.4) (layer F.Fab) (width 0.1))
    (fp_line (start 0.8 -0.4) (end 0.8 0.4) (layer F.Fab) (width 0.1))
    (fp_line (start 0.8 0.4) (end -0.8 0.4) (layer F.Fab) (width 0.1))
    (fp_line (start -0.162779 -0.51) (end 0.162779 -0.51) (layer F.SilkS) (width 0.12))
    (fp_line (start -0.162779 0.51) (end 0.162779 0.51) (layer F.SilkS) (width 0.12))
    (fp_line (start -1.48 0.73) (end -1.48 -0.73) (layer F.CrtYd) (width 0.05))
    (fp_line (start -1.48 -0.73) (end 1.48 -0.73) (layer F.CrtYd) (width 0.05))
    (fp_line (start 1.48 -0.73) (end 1.48 0.73) (layer F.CrtYd) (width 0.05))
    (fp_line (start 1.48 0.73) (end -1.48 0.73) (layer F.CrtYd) (width 0.05))
    (fp_text user %R (at 0 0) (layer F.Fab)
      (effects (font (size 0.4 0.4) (thickness 0.06)))
    )
    (pad 1 smd roundrect (at -0.7875 0) (size 0.875 0.95) (layers F.Cu F.Paste F.Mask) (roundrect_rratio 0.25)
      (net 23 +3V3))
    (pad 2 smd roundrect (at 0.7875 0) (size 0.875 0.95) (layers F.Cu F.Paste F.Mask) (roundrect_rratio 0.25)
      (net 7 HSPI_CLK))
    (model ${KISYS3DMOD}/Resistor_SMD.3dshapes/R_0603_1608Metric.wrl
      (at (xyz 0 0 0))
      (scale (xyz 1 1 1))
      (rotate (xyz 0 0 0))
    )
  )

  (module Resistor_SMD:R_0603_1608Metric (layer F.Cu) (tedit 5B301BBD) (tstamp 5D938963)
    (at 94.90776 139.50696)
    (descr "Resistor SMD 0603 (1608 Metric), square (rectangular) end terminal, IPC_7351 nominal, (Body size source: http://www.tortai-tech.com/upload/download/2011102023233369053.pdf), generated with kicad-footprint-generator")
    (tags resistor)
    (path /5D2ED3CF)
    (attr smd)
    (fp_text reference R3 (at 2.67208 0.06604) (layer F.SilkS)
      (effects (font (size 1 1) (thickness 0.15)))
    )
    (fp_text value "R10K(1%)" (at 0 1.43) (layer F.Fab)
      (effects (font (size 1 1) (thickness 0.15)))
    )
    (fp_text user %R (at 0 0) (layer F.Fab)
      (effects (font (size 0.4 0.4) (thickness 0.06)))
    )
    (fp_line (start 1.48 0.73) (end -1.48 0.73) (layer F.CrtYd) (width 0.05))
    (fp_line (start 1.48 -0.73) (end 1.48 0.73) (layer F.CrtYd) (width 0.05))
    (fp_line (start -1.48 -0.73) (end 1.48 -0.73) (layer F.CrtYd) (width 0.05))
    (fp_line (start -1.48 0.73) (end -1.48 -0.73) (layer F.CrtYd) (width 0.05))
    (fp_line (start -0.162779 0.51) (end 0.162779 0.51) (layer F.SilkS) (width 0.12))
    (fp_line (start -0.162779 -0.51) (end 0.162779 -0.51) (layer F.SilkS) (width 0.12))
    (fp_line (start 0.8 0.4) (end -0.8 0.4) (layer F.Fab) (width 0.1))
    (fp_line (start 0.8 -0.4) (end 0.8 0.4) (layer F.Fab) (width 0.1))
    (fp_line (start -0.8 -0.4) (end 0.8 -0.4) (layer F.Fab) (width 0.1))
    (fp_line (start -0.8 0.4) (end -0.8 -0.4) (layer F.Fab) (width 0.1))
    (pad 2 smd roundrect (at 0.7875 0) (size 0.875 0.95) (layers F.Cu F.Paste F.Mask) (roundrect_rratio 0.25)
      (net 9 HSPI_MOSI))
    (pad 1 smd roundrect (at -0.7875 0) (size 0.875 0.95) (layers F.Cu F.Paste F.Mask) (roundrect_rratio 0.25)
      (net 23 +3V3))
    (model ${KISYS3DMOD}/Resistor_SMD.3dshapes/R_0603_1608Metric.wrl
      (at (xyz 0 0 0))
      (scale (xyz 1 1 1))
      (rotate (xyz 0 0 0))
    )
  )

  (module Resistor_SMD:R_0603_1608Metric (layer F.Cu) (tedit 5B301BBD) (tstamp 5D938974)
    (at 84.7725 128.27)
    (descr "Resistor SMD 0603 (1608 Metric), square (rectangular) end terminal, IPC_7351 nominal, (Body size source: http://www.tortai-tech.com/upload/download/2011102023233369053.pdf), generated with kicad-footprint-generator")
    (tags resistor)
    (path /5C61218D)
    (attr smd)
    (fp_text reference R4 (at 2.51714 0.03048) (layer F.SilkS)
      (effects (font (size 1 1) (thickness 0.15)))
    )
    (fp_text value R330 (at 0 1.43) (layer F.Fab)
      (effects (font (size 1 1) (thickness 0.15)))
    )
    (fp_line (start -0.8 0.4) (end -0.8 -0.4) (layer F.Fab) (width 0.1))
    (fp_line (start -0.8 -0.4) (end 0.8 -0.4) (layer F.Fab) (width 0.1))
    (fp_line (start 0.8 -0.4) (end 0.8 0.4) (layer F.Fab) (width 0.1))
    (fp_line (start 0.8 0.4) (end -0.8 0.4) (layer F.Fab) (width 0.1))
    (fp_line (start -0.162779 -0.51) (end 0.162779 -0.51) (layer F.SilkS) (width 0.12))
    (fp_line (start -0.162779 0.51) (end 0.162779 0.51) (layer F.SilkS) (width 0.12))
    (fp_line (start -1.48 0.73) (end -1.48 -0.73) (layer F.CrtYd) (width 0.05))
    (fp_line (start -1.48 -0.73) (end 1.48 -0.73) (layer F.CrtYd) (width 0.05))
    (fp_line (start 1.48 -0.73) (end 1.48 0.73) (layer F.CrtYd) (width 0.05))
    (fp_line (start 1.48 0.73) (end -1.48 0.73) (layer F.CrtYd) (width 0.05))
    (fp_text user %R (at 0 0) (layer F.Fab)
      (effects (font (size 0.4 0.4) (thickness 0.06)))
    )
    (pad 1 smd roundrect (at -0.7875 0) (size 0.875 0.95) (layers F.Cu F.Paste F.Mask) (roundrect_rratio 0.25)
      (net 24 "Net-(DS1-Pad1)"))
    (pad 2 smd roundrect (at 0.7875 0) (size 0.875 0.95) (layers F.Cu F.Paste F.Mask) (roundrect_rratio 0.25)
      (net 1 GND))
    (model ${KISYS3DMOD}/Resistor_SMD.3dshapes/R_0603_1608Metric.wrl
      (at (xyz 0 0 0))
      (scale (xyz 1 1 1))
      (rotate (xyz 0 0 0))
    )
  )

  (module Resistor_SMD:R_0603_1608Metric (layer F.Cu) (tedit 5B301BBD) (tstamp 5D938985)
    (at 142.621 131.191)
    (descr "Resistor SMD 0603 (1608 Metric), square (rectangular) end terminal, IPC_7351 nominal, (Body size source: http://www.tortai-tech.com/upload/download/2011102023233369053.pdf), generated with kicad-footprint-generator")
    (tags resistor)
    (path /5D6D3A80)
    (attr smd)
    (fp_text reference R5 (at 0 -1.43) (layer F.SilkS)
      (effects (font (size 1 1) (thickness 0.15)))
    )
    (fp_text value R (at 0 1.43) (layer F.Fab)
      (effects (font (size 1 1) (thickness 0.15)))
    )
    (fp_text user %R (at 0 0) (layer F.Fab)
      (effects (font (size 0.4 0.4) (thickness 0.06)))
    )
    (fp_line (start 1.48 0.73) (end -1.48 0.73) (layer F.CrtYd) (width 0.05))
    (fp_line (start 1.48 -0.73) (end 1.48 0.73) (layer F.CrtYd) (width 0.05))
    (fp_line (start -1.48 -0.73) (end 1.48 -0.73) (layer F.CrtYd) (width 0.05))
    (fp_line (start -1.48 0.73) (end -1.48 -0.73) (layer F.CrtYd) (width 0.05))
    (fp_line (start -0.162779 0.51) (end 0.162779 0.51) (layer F.SilkS) (width 0.12))
    (fp_line (start -0.162779 -0.51) (end 0.162779 -0.51) (layer F.SilkS) (width 0.12))
    (fp_line (start 0.8 0.4) (end -0.8 0.4) (layer F.Fab) (width 0.1))
    (fp_line (start 0.8 -0.4) (end 0.8 0.4) (layer F.Fab) (width 0.1))
    (fp_line (start -0.8 -0.4) (end 0.8 -0.4) (layer F.Fab) (width 0.1))
    (fp_line (start -0.8 0.4) (end -0.8 -0.4) (layer F.Fab) (width 0.1))
    (pad 2 smd roundrect (at 0.7875 0) (size 0.875 0.95) (layers F.Cu F.Paste F.Mask) (roundrect_rratio 0.25)
      (net 40 "Net-(Q1-Pad3)"))
    (pad 1 smd roundrect (at -0.7875 0) (size 0.875 0.95) (layers F.Cu F.Paste F.Mask) (roundrect_rratio 0.25)
      (net 41 LCD_LEDK))
    (model ${KISYS3DMOD}/Resistor_SMD.3dshapes/R_0603_1608Metric.wrl
      (at (xyz 0 0 0))
      (scale (xyz 1 1 1))
      (rotate (xyz 0 0 0))
    )
  )

  (module Resistor_SMD:R_0603_1608Metric (layer F.Cu) (tedit 5B301BBD) (tstamp 5D938996)
    (at 138.176 133.731 180)
    (descr "Resistor SMD 0603 (1608 Metric), square (rectangular) end terminal, IPC_7351 nominal, (Body size source: http://www.tortai-tech.com/upload/download/2011102023233369053.pdf), generated with kicad-footprint-generator")
    (tags resistor)
    (path /5D6D3DAF)
    (attr smd)
    (fp_text reference R6 (at -0.04064 1.44272 180) (layer F.SilkS)
      (effects (font (size 1 1) (thickness 0.15)))
    )
    (fp_text value R (at 0 1.43 180) (layer F.Fab)
      (effects (font (size 1 1) (thickness 0.15)))
    )
    (fp_line (start -0.8 0.4) (end -0.8 -0.4) (layer F.Fab) (width 0.1))
    (fp_line (start -0.8 -0.4) (end 0.8 -0.4) (layer F.Fab) (width 0.1))
    (fp_line (start 0.8 -0.4) (end 0.8 0.4) (layer F.Fab) (width 0.1))
    (fp_line (start 0.8 0.4) (end -0.8 0.4) (layer F.Fab) (width 0.1))
    (fp_line (start -0.162779 -0.51) (end 0.162779 -0.51) (layer F.SilkS) (width 0.12))
    (fp_line (start -0.162779 0.51) (end 0.162779 0.51) (layer F.SilkS) (width 0.12))
    (fp_line (start -1.48 0.73) (end -1.48 -0.73) (layer F.CrtYd) (width 0.05))
    (fp_line (start -1.48 -0.73) (end 1.48 -0.73) (layer F.CrtYd) (width 0.05))
    (fp_line (start 1.48 -0.73) (end 1.48 0.73) (layer F.CrtYd) (width 0.05))
    (fp_line (start 1.48 0.73) (end -1.48 0.73) (layer F.CrtYd) (width 0.05))
    (fp_text user %R (at 0 0 180) (layer F.Fab)
      (effects (font (size 0.4 0.4) (thickness 0.06)))
    )
    (pad 1 smd roundrect (at -0.7875 0 180) (size 0.875 0.95) (layers F.Cu F.Paste F.Mask) (roundrect_rratio 0.25)
      (net 39 LCD_BACKLIGHT))
    (pad 2 smd roundrect (at 0.7875 0 180) (size 0.875 0.95) (layers F.Cu F.Paste F.Mask) (roundrect_rratio 0.25)
      (net 23 +3V3))
    (model ${KISYS3DMOD}/Resistor_SMD.3dshapes/R_0603_1608Metric.wrl
      (at (xyz 0 0 0))
      (scale (xyz 1 1 1))
      (rotate (xyz 0 0 0))
    )
  )

  (module undo:SFV14R-2STE1HLF (layer F.Cu) (tedit 5D6D0F3D) (tstamp 5D9389B9)
    (at 119.126 101.854 180)
    (path /5D6D328C)
    (autoplace_cost90 5)
    (fp_text reference U1 (at 0 0.5 180) (layer F.SilkS)
      (effects (font (size 1 1) (thickness 0.15)))
    )
    (fp_text value SFV14R-2STE1HLF (at 0 -0.5 180) (layer F.Fab)
      (effects (font (size 1 1) (thickness 0.15)))
    )
    (pad MP2 smd rect (at 5 3.5 180) (size 3 2.5) (layers F.Cu F.Paste F.Mask))
    (pad MP1 smd rect (at -5.5 3.5 180) (size 3 2.5) (layers F.Cu F.Paste F.Mask))
    (pad 14 smd rect (at 3 2.5 180) (size 0.3 1.6) (layers F.Cu F.Paste F.Mask))
    (pad 13 smd rect (at 2.5 2.5 180) (size 0.3 1.6) (layers F.Cu F.Paste F.Mask)
      (net 1 GND))
    (pad 12 smd rect (at 2 2.5 180) (size 0.3 1.6) (layers F.Cu F.Paste F.Mask)
      (net 38 VSPI_CS))
    (pad 11 smd rect (at 1.5 2.5 180) (size 0.3 1.6) (layers F.Cu F.Paste F.Mask)
      (net 23 +3V3))
    (pad 10 smd rect (at 1 2.5 180) (size 0.3 1.6) (layers F.Cu F.Paste F.Mask)
      (net 23 +3V3))
    (pad 9 smd rect (at 0.5 2.5 180) (size 0.3 1.6) (layers F.Cu F.Paste F.Mask)
      (net 16 VSPI_CLK))
    (pad 8 smd rect (at 0 2.5 180) (size 0.3 1.6) (layers F.Cu F.Paste F.Mask)
      (net 19 VSPI_MOSI))
    (pad 7 smd rect (at -0.5 2.5 180) (size 0.3 1.6) (layers F.Cu F.Paste F.Mask)
      (net 3 IO33))
    (pad 6 smd rect (at -1 2.5 180) (size 0.3 1.6) (layers F.Cu F.Paste F.Mask))
    (pad 5 smd rect (at -1.5 2.5 180) (size 0.3 1.6) (layers F.Cu F.Paste F.Mask)
      (net 1 GND))
    (pad 4 smd rect (at -2 2.5 180) (size 0.3 1.6) (layers F.Cu F.Paste F.Mask)
      (net 23 +3V3))
    (pad 3 smd rect (at -2.5 2.5 180) (size 0.3 1.6) (layers F.Cu F.Paste F.Mask)
      (net 41 LCD_LEDK))
    (pad 2 smd rect (at -3 2.5 180) (size 0.3 1.6) (layers F.Cu F.Paste F.Mask)
      (net 1 GND))
    (pad 1 smd rect (at -3.5 2.5 180) (size 0.3 1.6) (layers F.Cu F.Paste F.Mask))
    (model "D:/KiCad - Libraries/3d/ssfv15r_2stlf.stp"
      (offset (xyz -5.7 -7.1 0))
      (scale (xyz 1 1 1))
      (rotate (xyz -90 0 0))
    )
  )

  (module undo:DizzyBIT_silk_20 (layer B.Cu) (tedit 0) (tstamp 5D974C41)
    (at 119.126 116.713 180)
    (path /5C903A70)
    (fp_text reference U2 (at 0 0 180) (layer B.SilkS) hide
      (effects (font (size 1.524 1.524) (thickness 0.3)) (justify mirror))
    )
    (fp_text value DizzyBITLogo (at 0.75 0 180) (layer B.SilkS) hide
      (effects (font (size 1.524 1.524) (thickness 0.3)) (justify mirror))
    )
    (fp_poly (pts (xy -5.406996 -4.22394) (xy -5.333933 -4.226817) (xy -5.269197 -4.232587) (xy -5.210901 -4.241378)
      (xy -5.157156 -4.253315) (xy -5.106075 -4.268525) (xy -5.055772 -4.287134) (xy -5.004359 -4.309269)
      (xy -4.995659 -4.313258) (xy -4.88964 -4.371821) (xy -4.788217 -4.446225) (xy -4.695502 -4.532787)
      (xy -4.615607 -4.627819) (xy -4.5722 -4.692881) (xy -4.525554 -4.784268) (xy -4.486114 -4.88845)
      (xy -4.455562 -4.999242) (xy -4.435582 -5.110459) (xy -4.427859 -5.215915) (xy -4.427821 -5.223308)
      (xy -4.43633 -5.344109) (xy -4.46078 -5.46775) (xy -4.499548 -5.588928) (xy -4.551015 -5.702343)
